0.12492579853926597
0.12217661133641958
0.13444407459769914
0.1273980258675829
0.13423695583547454
0.13252565350020232
0.13218298127078962
0.14485760032635062
0.15283446986824795
0.15214947130526568
0.15251458134472398
0.15743645704836817
0.16238253567033278
0.15784966228860325
0.1853476252627811
0.19022707707772477
0.20490854994782848
0.23011201722366462
0.25800565511619394
0.2716342526406459
0.33930980836653263
0.3487069930052461
0.34843989968960465
0.3523887366616947
0.32771229711690797
0.27109019607663204
0.24855370582334857
0.22878448735562823
0.20602333592480118
0.18005150296545136
0.16902197973385266
0.16259964101790758
0.13894341261977833
0.13497093054582415
0.11685709296073661
0.12413996179459495
0.1083682640200818
0.10195219102509091
0.09997831746932186
0.08211723287140224
0.08842715996860974
0.08061872408077517
0.07514205229257877
0.07444505412090562
0.06833132819687811
0.05834981092518673
0.060140809297881216
0.05962499467360639
0.059814362774076875
0.053250529308389034
0.05054533797642257
0.052650147401707474
0.047926559047022664
0.04708615308417245
0.04516196668337412
0.04229948908608181
0.03996969206917558
0.041652004553265086
0.03415516023186582
0.039389126220865704
0.03470200799844462
0.032806688381895314
0.030930742370457693
0.03242949087320874
