0.1314886508731029
0.1276557409443949
0.12841102329401421
0.12687336200942811
0.13672331101496388
0.14402816444923172
0.14084081185523278
0.1396650330297262
0.14908648409299488
0.13111753357677725
0.15155257342427067
0.15751124236100914
0.16014230004955304
0.1773969165068551
0.16553988820728918
0.1850374021618263
0.2313564700887006
0.21425600399310207
0.2587507951736192
0.29503637138975564
0.3315379641499949
0.3911620024739104
0.3697639791825146
0.3103189397572915
0.3040193607620329
0.26330670714365995
0.24488204421744594
0.21922133268568064
0.20257221782484777
0.1857497444756298
0.1696289112353399
0.15626292671629635
0.1524167878568745
0.13226166663692715
0.12489357785013452
0.12306012797944607
0.11432327161337508
0.10956166831748443
0.1026046169369162
0.09298637112308449
0.08015964054703419
0.08819601368537024
0.0753321620126643
0.07256706758464898
0.07073978596300312
0.06775095702862201
0.06478916857976387
0.05782069933441677
0.05406538538433945
0.047682395871420535
0.051234481983318335
0.04513595494696088
0.04616514881908892
0.04298150104172595
0.041037838693704407
0.0370296172915634
0.037460122222678
0.04012218759187372
0.038551645998338546
0.03250271187115358
0.0361185488262375
0.03519194986089327
0.03491918980287431
0.02957871292210292
