0.13240029842336296
0.1305289938075643
0.133080049823238
0.13674163272359238
0.13938459422306657
0.14174413707234873
0.13982314576618327
0.13686588523015036
0.14495824576982763
0.14303673681683346
0.16050109723923048
0.15302727166045133
0.1824142370680578
0.18152729505177437
0.18657628841048654
0.20781026433955746
0.18688555466394363
0.2493729133326452
0.25771143574714445
0.2962970823358781
0.34374222500834295
0.3838481799359972
0.34320946999835217
0.31155287863581516
0.28496504099969544
0.26720139159519574
0.23963479785238384
0.22594272131286963
0.19679199753301002
0.1844769962910524
0.16115358686045173
0.16246842199318612
0.13043988372246385
0.13827820939305208
0.12309880997389189
0.11171843001623863
0.10470165510822639
0.10855924634986375
0.09731704993809151
0.08528874756040741
0.08281510266719334
0.08637391503312562
0.07186088876101279
0.06913607623224843
0.06958345543364579
0.06692235387190575
0.05536913633518031
0.06357704469292728
0.06146026073604917
0.0618943212069889
0.051402326691547255
0.04713676973300852
0.04727177605064094
0.04012946772536965
0.04257673987905567
0.03559544365208129
0.040054094154988173
0.034511937819676486
0.038936629056715966
0.03721720109526482
0.03687926384748873
0.032162640137910335
0.031413561797818915
0.029419356857084092
