0.13191523972232566
0.13535580731428515
0.14054805676380366
0.13392026774483384
0.13523342498653212
0.14336117944688337
0.14136899782610293
0.13917456131478748
0.13345531668469934
0.16508475974714815
0.1523778155462555
0.15931420609673552
0.19107970775348398
0.16768745624681813
0.1942431761494171
0.19228023475578065
0.21660317522230393
0.23808276364496533
0.27146690816585284
0.2968528470657083
0.37146117514006005
0.3826326600375296
0.3603228639453506
0.31931770857993186
0.2996996256192791
0.2575770571228855
0.24508274775334066
0.22332905114550528
0.20002508136014804
0.16513930272201155
0.1683253038614838
0.15186618895988693
0.1506649165051425
0.12656417364109354
0.12194183108895786
0.11386516512429407
0.09024523988204358
0.1036595310090505
0.10487726136774927
0.07530145924416087
0.08234950468615432
0.08855350770611269
0.07209705650956433
0.07856944714980393
0.07468270862078402
0.061447641136555
0.06957512207339638
0.0537245155862156
0.05864586575107494
0.04804490184123841
0.04868749538793188
0.044740047909757365
0.04580224767977334
0.04346986697421682
0.0426566601845275
0.037493120360182514
0.030386183565660124
0.04614669584078704
0.03177760168517965
0.037722814843005076
0.038369341420083164
0.031166910555606435
0.0334864592191647
0.03586672564927646
