0.12545963036245664
0.13522068398237924
0.13629100189978274
0.13395183233257849
0.12481152963780617
0.13667200716544203
0.1442986775286337
0.1330052490966686
0.13780097078226863
0.1488125121965744
0.15835277313461488
0.16177612135081007
0.15247298127831374
0.16111936223888193
0.16797761257101687
0.20937720464687729
0.21830042390234958
0.22895316584941974
0.24132632954674016
0.33746208061906996
0.36234880082835474
0.37965732477368874
0.387468944410738
0.3283737400735712
0.30500767233705
0.26547377006103323
0.2468658784389975
0.24657928366605764
0.1961611980339233
0.20052998499901709
0.17033918055217068
0.15708856048772465
0.14948676002282582
0.13190235531314276
0.11624052974866896
0.11143194500577124
0.11135549675410317
0.10017875999089144
0.09541928132776709
0.09037304689730767
0.08361567758947158
0.08844043125362909
0.07522045915102814
0.0672597806500758
0.06428196401598762
0.06644281332123594
0.056140893739084874
0.058662520502480955
0.05766179049810805
0.05091574886214866
0.05777268569579183
0.05317106337100749
0.04162960872753826
0.04565041471897163
0.04308590298342575
0.04375694951986904
0.04326108021821714
0.03879466648904578
0.03754490909788974
0.03295585344686452
0.03322333896767503
0.032036690907404665
0.03439169613411279
0.02706969389981067
