0.13062322698771114
0.1299900125908373
0.13240530312852433
0.1325087475660257
0.13324148859500987
0.13132492677477356
0.13932729806672706
0.14636634411996224
0.14563180729811365
0.16883044414431359
0.15570677420441095
0.166668457308046
0.17409044253694073
0.1799585150873716
0.17731599680561994
0.1972658134296283
0.2124248164971007
0.2189496399526847
0.2780417978874485
0.3017289886711261
0.33133010421500275
0.3698661839739781
0.38331622979055163
0.320795277678052
0.30504362402782054
0.218226644171594
0.2287299688242125
0.25595518968132475
0.20541184350557162
0.17951533352110252
0.1492205023708627
0.16934843169155003
0.13908480208390298
0.11945444696920304
0.10937915621902376
0.10518188829348071
0.10267198029614943
0.08521133730176894
0.08350965889162638
0.0964128804106629
0.07796491501862683
0.08388499663373253
0.07777388107876869
0.07351460316200797
0.06182643340221832
0.07172106061316841
0.07491105918312688
0.05682041725950787
0.05281964564166299
0.0504855976818977
0.045942056089938184
0.0536259475507915
0.05050603191902848
0.04697232023255581
0.04287864278202809
0.04564140096087476
0.046360608125169206
0.035108944570453604
0.03362709107982467
0.031996684823870504
0.03755929688293285
0.03706518319358249
0.036530915102761685
0.03088878411647757
