0.131514322674775
0.13164298662846313
0.12863412935186952
0.13038473797329062
0.14552808323637437
0.13826526364300448
0.13823848795425975
0.14562532781098508
0.1455595861144055
0.1583840818797087
0.15785226980962777
0.17488485824931135
0.1611514546246271
0.1755996858401517
0.18351210754620237
0.20950934589940612
0.21448627876048496
0.24476673521926176
0.2547318647309634
0.33339491234624263
0.39137402135562027
0.38478917572069005
0.36136347432610355
0.2745379679171347
0.2671766681254476
0.2746263322187586
0.2121804207194193
0.22974529851007486
0.23346352550389277
0.22720286067408932
0.16930667900444293
0.16727383655378772
0.1249716040381962
0.14338235727746512
0.11299377177698101
0.11697381992435184
0.07907352558027396
0.09006519143959521
0.10002060079977922
0.09856984178845218
0.07869423539998088
0.07535726449316311
0.07567625131692433
0.05779173570969343
0.0662708280429015
0.06793936239143296
0.05809191859250362
0.05248790226990107
0.05246923539687427
0.04724081755574089
0.056158299996304
0.04306750676843347
0.05199086540975004
0.032354739558408764
0.048319793112171903
0.030256791723442172
0.04079782818359233
0.036472658424858195
0.03411414853880489
0.029310785781407157
0.036426192766227175
0.023841816037396164
0.046370539141010025
0.03210022490277393
