0.13378929105345846
0.12556626213802397
0.13795240551763993
0.1270887251185357
0.14440150417845488
0.1471760926167207
0.13917631251276052
0.14296255024940738
0.1520732963283532
0.15939328052469254
0.16202321687659618
0.1520917154662597
0.17582406868175462
0.19229885571793087
0.17415495339778866
0.19073427354610317
0.22593519520098349
0.2420036688661273
0.26149728880045137
0.33356046034314124
0.3827085106441416
0.3246132763633922
0.3287236626332402
0.3329065721608032
0.3018481044877155
0.3000860985009432
0.23094510598049559
0.2396841912138965
0.19159346498632804
0.20883502079498786
0.1269396298605868
0.1722488493797498
0.16903060599492117
0.1422427291254469
0.13546336873056608
0.10145934174274436
0.09616825651795441
0.09722755122858634
0.09237913619269793
0.08174422398811672
0.07821986767215149
0.07563013518232156
0.06953261407995617
0.0660689872781224
0.06467673851600862
0.06217588867024258
0.0589766660739082
0.0584917007326086
0.05024603009897946
0.06413969712000403
0.06379775861291537
0.0591435302514776
0.045002457255262654
0.049455788558516366
0.05490651599793477
0.046917369626112655
0.03120216567536772
0.03137452224367014
0.03533057148398104
0.03374021791134317
0.02975182099483101
0.031010949349487348
0.02505039236239383
0.03715427948896452
