0.12284725157485352
0.1210808933559443
0.1429600092861375
0.12363285523708215
0.1441715191758326
0.13666982264958344
0.1423423124679665
0.13412595340142267
0.14289717089834936
0.1380699349674166
0.14156908733654583
0.15561595604234374
0.16831837694768045
0.17106844991367337
0.18613535814929785
0.1838650256674037
0.19294404652809807
0.21781325336594254
0.2274702970079868
0.26690425578718574
0.2695468053615361
0.29870772222163994
0.31588168917990767
0.32301728630031007
0.3557976254181071
0.3144364962514057
0.2859733935645185
0.2922290177170076
0.23960085336784645
0.2354675569310588
0.20026569459278998
0.19521250680744479
0.16992758050546897
0.14473762436516696
0.13803057873973432
0.12018148710392074
0.11918629313391439
0.10837702840866625
0.09443901307143103
0.0949666233330204
0.08666664217298387
0.08444318094548024
0.0826520735680002
0.07863609905460314
0.07394900816878903
0.06481691277062393
0.06380609126168811
0.06166637103135481
0.0554212944730167
0.05429166828981917
0.05649675758309845
0.04872197773891962
0.04739240082502495
0.04493303514057457
0.044010721462283894
0.042577868562712104
0.04077785477135949
0.04138412509805355
0.03703644778183071
0.036510495637245476
0.03528622215671512
0.03274284080752573
0.032157059684877184
0.030675316982525718
