-0.9748034111415108
-0.9629636838857639
-0.9509714324329934
-0.9385539990374444
-0.9263078650234998
-0.913609765181489
-0.9008711343667021
-0.8875910777619012
-0.8738847498099442
-0.8606523836809223
-0.8475276332610809
-0.8333272184218482
-0.8183962811239607
-0.8029474748748364
-0.7853614684555864
-0.7682658373165298
-0.7497412852490176
-0.7312983166579342
-0.7077283953790628
-0.6815497854450565
-0.6538600490440053
-0.6246581806593905
-0.5883955172694616
-0.5556415426419468
-0.5261002923542994
-0.4969640605906192
-0.47583944315725424
-0.45024710741526097
-0.4318593682861808
-0.4115868491257628
-0.397068989003096
-0.3814753093428815
-0.3665539911416782
-0.35221711295099434
-0.34060405126420423
-0.3312182301410882
-0.3200987153297211
-0.3108026530080035
-0.3002681746921643
-0.2900172883858029
-0.28534889142786846
-0.27419759289182
-0.2692123694767361
-0.2609019650472443
-0.25472505134625706
-0.24937450911524844
-0.24015788619378234
-0.23773798873084295
-0.23156424719589971
-0.22712863667959007
-0.2236897703695772
-0.2171793513985491
-0.21250635752182742
-0.20591172152063983
-0.20241736104582175
-0.20071433638746033
-0.19487312389868877
-0.19107806408461353
-0.18800213269266178
-0.18649730762361724
-0.18275012827546583
-0.17765421633145517
-0.17567958751810003
-0.1736510521578339
