-0.9747139077152883
-0.962840761879388
-0.9506685038642861
-0.9386728817109413
-0.9259631092053905
-0.9136399399416302
-0.9007247236997465
-0.8880149270386102
-0.8742543159630335
-0.8612311933446001
-0.8464829453365967
-0.8317473652633575
-0.8179846877276511
-0.800320092409348
-0.784535364730328
-0.7678708967725004
-0.74887387809047
-0.7288666572532607
-0.706180060207922
-0.6805153342383702
-0.6514212694285723
-0.6171161547350799
-0.5841248109569368
-0.5499293738949569
-0.5221176751895021
-0.49420631866154263
-0.47153008973457095
-0.4494951761560597
-0.4304674320141356
-0.4135540193457642
-0.3955030422916392
-0.3798515096433873
-0.36664195118641957
-0.35335455277820904
-0.3398929226767857
-0.32963807705166037
-0.3199380304478553
-0.3099714666652719
-0.29958414119861554
-0.2906487256952867
-0.283744009385922
-0.2771486312135902
-0.26742350314800906
-0.2614435748197046
-0.2546602331598203
-0.25006782988065673
-0.2431350030053142
-0.23779860887182577
-0.23001392364855444
-0.2278439667357484
-0.22219223450329162
-0.21615013888335466
-0.21313708296122355
-0.2103339464155443
-0.20410977748050044
-0.2017929941840946
-0.1986102914872282
-0.19205873912629123
-0.1907451139893272
-0.18657164349770802
-0.18138203925311772
-0.1796293424792953
-0.17816931431736371
-0.17206391480787375
