-0.9746810694204875
-0.9627964852260832
-0.9506693586633607
-0.9386147560686037
-0.9263578540574872
-0.9133778103322745
-0.9006578853266809
-0.8876692896285855
-0.8743421584855618
-0.8604829045091625
-0.8468401727554702
-0.8323990566384671
-0.8170253389737969
-0.8009211298939163
-0.785423061892864
-0.767459241068498
-0.7483477483979113
-0.7281051914613897
-0.7050462984578244
-0.6796518595996914
-0.6498315229706717
-0.6143243466919419
-0.5814778865522696
-0.5487727646328772
-0.5222918383336048
-0.4944199835841381
-0.4712431284620868
-0.45090843117273277
-0.4296480982569423
-0.4139057048894304
-0.3962181810865096
-0.3791770921455349
-0.36584135925470085
-0.3552407098661371
-0.343971951211496
-0.3306071268027207
-0.32177203698628676
-0.3087564735232475
-0.30010313504973135
-0.28998478503012776
-0.2813727828709122
-0.2749565033325278
-0.2683633411505703
-0.26087646419695465
-0.2552337853156902
-0.25037200893841693
-0.24386787019424758
-0.23880412046609237
-0.2298075027825929
-0.226453139326202
-0.22233875087585703
-0.21653563350175026
-0.2146395814329015
-0.20714781776551314
-0.20255267412226122
-0.2002310775425084
-0.1977697617740252
-0.19251075835968842
-0.18790259233147838
-0.18606295596159628
-0.181817725350091
-0.18135979044919423
-0.17707742584181133
-0.1731903707513335
