-0.974712883880633
-0.9627494296646275
-0.9508359579673237
-0.938451894815112
-0.9261503625387352
-0.9134448289969548
-0.9005623603190438
-0.8876729088943021
-0.8743887135449413
-0.8605209362236116
-0.8465239155957944
-0.8318043377441731
-0.8170338411155842
-0.8014032865233054
-0.7848415830751893
-0.7671641145565629
-0.7482351441766308
-0.7281094675529142
-0.7053203239758268
-0.6792456385181328
-0.6475302740501016
-0.6136733534248482
-0.5786688767913442
-0.5479150310364095
-0.5194150754216706
-0.4940712816087652
-0.4709307352175575
-0.44846019677548704
-0.4297013611346454
-0.41246025903751027
-0.39494986994684317
-0.38254136468881994
-0.3640970874995835
-0.3545659792437678
-0.3400543311784988
-0.32707746151779316
-0.3197073623762241
-0.30903384463577205
-0.3013320022114371
-0.2927812429130601
-0.2838117749906984
-0.2774278287794382
-0.26770997787065387
-0.2601060517401133
-0.2544956234653215
-0.24864269083004015
-0.24300272808150622
-0.2386264668485205
-0.23197226386165276
-0.22234751640135
-0.22162631605537522
-0.2180476802508306
-0.21307825020358837
-0.20980524454274227
-0.20511685722514256
-0.201071913745964
-0.19810330289534694
-0.19302672881678426
-0.1911792001013244
-0.18729614995486824
-0.1829263337606975
-0.1781453380615382
-0.17442626933631397
-0.17219158186569927
