-0.9746551278395394
-0.9627584102327823
-0.9508005312612416
-0.9385020608802765
-0.9262676788314388
-0.9134194313875865
-0.9006109077656073
-0.887469331288222
-0.8739353677359573
-0.8604851665407056
-0.8465479947672484
-0.8319983524472155
-0.816997729525549
-0.8011911191722271
-0.7846027548695599
-0.7675176280345648
-0.7481490449877479
-0.7281181892521362
-0.7053365384287308
-0.6780773871131638
-0.6471341135743568
-0.6124106057811339
-0.5784756535172483
-0.5472227423453717
-0.5214452698412676
-0.4951297878025217
-0.46944863837779194
-0.4494792822488438
-0.431379715571559
-0.4134464153914215
-0.3966598857433489
-0.3812833086320744
-0.3658856399928821
-0.3547157038071857
-0.34278572304532834
-0.3303273329326951
-0.318338456780272
-0.3091386194370661
-0.30131505450648427
-0.29167096676421966
-0.2840615171498462
-0.27765883090252214
-0.2692441354013828
-0.26246747176396695
-0.2552407751198236
-0.24956200285487426
-0.24346224076765688
-0.23588105369465576
-0.23133227268785317
-0.22644563961130837
-0.2232022299695093
-0.21768709543036524
-0.21283861634105794
-0.20672264346608837
-0.20393979297297354
-0.20084818657618989
-0.19529551275675947
-0.19405478822351593
-0.19151396768819323
-0.18811673316299674
-0.18194149040035512
-0.17936320718205845
-0.17425219934702524
-0.17280843855476524
