-0.9746787848536975
-0.9628066331754493
-0.9507830606365258
-0.9385085364941584
-0.9261834151688605
-0.913512523253739
-0.9007338616001449
-0.8875458915744631
-0.8742155331108994
-0.860368489293486
-0.8463046071527118
-0.8316997896059116
-0.8169450731416006
-0.8010527003536956
-0.7846894041044536
-0.7668842092228
-0.7484505028802872
-0.7280163338818293
-0.7046837288883611
-0.6775291840479546
-0.6464217110126552
-0.6109175520232615
-0.5789897221100808
-0.5486289636026038
-0.5202428118955557
-0.49453403277177804
-0.4717187470591895
-0.45042814934537023
-0.4301797729271815
-0.4134156258960017
-0.3938262094451942
-0.3799328163134914
-0.36683036747103726
-0.3527023836759168
-0.341884010689873
-0.3315117703202774
-0.3201666670617335
-0.3099563935739911
-0.3006785478266662
-0.2916583676724946
-0.283949340505354
-0.27566242595484436
-0.268463854411314
-0.26118309954092533
-0.254831034897033
-0.2490384571988085
-0.2423925587998909
-0.23625438685417455
-0.23115872245609476
-0.2256671940417802
-0.2203897937533141
-0.2164224749337208
-0.21373650659589186
-0.2103214667251052
-0.20299967107490674
-0.19981456441197376
-0.1961823870862747
-0.19241303178410696
-0.19149651951370536
-0.1837428012313613
-0.18401660022847982
-0.17903420624336971
-0.17959081500364144
-0.17554459405791983
