-0.9746691173714133
-0.962817208463009
-0.9507603181583644
-0.938520000636101
-0.9259553807994586
-0.9133973791166202
-0.9006384797580127
-0.8875562303005149
-0.8742097087264251
-0.8605225579872814
-0.8464490263712473
-0.8319097948725164
-0.8168066800200879
-0.8014380281693922
-0.7846914943994633
-0.7672553450567045
-0.7483696019462949
-0.7276004729461758
-0.7050001234152925
-0.6777384143000176
-0.6452595363243586
-0.6117924541178176
-0.5785941399092824
-0.5492357856103695
-0.5204647673112097
-0.4946414480005642
-0.47154482477544646
-0.4505206259495583
-0.42921675822848937
-0.4107257797068679
-0.3959509254940243
-0.38030189105344314
-0.3660623646432277
-0.35229269096556054
-0.3411460179691964
-0.32944512972708984
-0.3199242468701354
-0.31075103828225825
-0.30132039285471485
-0.29171579717357954
-0.2819073204865746
-0.2751651090013553
-0.2690811847980516
-0.262871820462101
-0.25576594283097415
-0.24797772476291197
-0.24098365999096977
-0.23723110897836103
-0.23115366741600027
-0.2265869692562655
-0.22129806731084967
-0.21642848855228983
-0.21259357167109727
-0.20836384895542
-0.20745123176900468
-0.1991891327411468
-0.19687716926596857
-0.19290748406916
-0.1889865844496416
-0.1847644414547576
-0.18252714837303394
-0.1796748582252289
-0.17536095486344686
-0.1737854305423754
