-0.9746503658261171
-0.9627821213644456
-0.9507385851349552
-0.9384636297675042
-0.9260850451153005
-0.9134780642900342
-0.9007293213866121
-0.8875561327066605
-0.8741053459410169
-0.8605423297777892
-0.8464765041949839
-0.8321741773841795
-0.8169722871772439
-0.8011635687062595
-0.7848261004951345
-0.7673370617692035
-0.7484502442880118
-0.7277456158280274
-0.7046110457289773
-0.6779906410739805
-0.6452681900266999
-0.6107834076344009
-0.5781473200626018
-0.549345846934751
-0.5199858276580788
-0.4942697727557863
-0.47113214760097977
-0.449862451197705
-0.42937446846546673
-0.411746136929917
-0.39591885596923543
-0.3808056321123941
-0.3660443927176544
-0.3543531258916636
-0.34182560006699325
-0.3270940224398272
-0.3192074196326352
-0.3105551442419431
-0.3008701333654591
-0.29240860859676715
-0.28667007270676237
-0.27419238488634257
-0.26838282306087113
-0.2619055034982656
-0.2552205904390532
-0.24868638907554186
-0.24218731215617686
-0.23753726626183205
-0.2331410976947276
-0.22572624298412894
-0.2210711413837018
-0.21602670425793366
-0.2133665532587698
-0.20786106987274558
-0.2039741757648829
-0.20072165123467164
-0.19922889037059613
-0.19489702997770436
-0.18781814515533476
-0.18418916130937227
-0.1815983848587745
-0.17864561795393039
-0.176685397044885
-0.17465224744883182
