-0.9752025149605144
-0.9632416778346026
-0.9516148129104524
-0.9397305515894896
-0.9271358396617233
-0.914475210295637
-0.9022801468689289
-0.8888336310716126
-0.8759408182799755
-0.8635811864902594
-0.848596502249837
-0.8349959162244048
-0.8191031910781393
-0.8027628585118829
-0.7898199635492428
-0.7725105697497312
-0.7555928842833746
-0.7342679113699829
-0.7147589253867582
-0.6900338890433042
-0.6661894436973453
-0.641144870012877
-0.613756153933026
-0.5813984874072814
-0.5492506279680033
-0.5206490177911761
-0.49420954550622054
-0.4677459577305044
-0.44279918147998276
-0.42263678531921495
-0.40893978227554606
-0.38964965540078794
-0.37347863189269526
-0.35573666974295426
-0.34504296744556334
-0.3333041065236267
-0.32557664279474274
-0.3132048066124092
-0.3026873884895574
-0.2943090912643334
-0.2840057978805308
-0.2764170232384473
-0.269768645071557
-0.25803628435656845
-0.25837207849029603
-0.2477732552011235
-0.24366278202944627
-0.23764544113717767
-0.2330985933773282
-0.2275827822019556
-0.22093992604269078
-0.2186851400305973
-0.21304179726173222
-0.21170139610103783
-0.20059896000573899
-0.19759694137535172
-0.19945390005816194
-0.19274439641366783
-0.18852186998892348
-0.18372054609025493
-0.18021993172839576
-0.18172056766327285
-0.18013898054351699
-0.17270407742149044
