0.9511261996362013
0.9282855010289025
0.9057749764108335
0.883337936126206
0.8592545003348011
0.8384197175426505
0.813781998782047
0.7909091680760302
0.7668905826441449
0.7466371471313266
0.7207324453427492
0.6979123457367048
0.6741811217030282
0.6484056613123418
0.6178606278233393
0.5919776341424848
0.5629649421822382
0.5271420304416402
0.4912255020339054
0.4402747656403394
0.3890476278783687
0.32710163655867297
0.25265991632566054
0.1948551305467202
0.14905361898256353
0.10703877935696872
0.08479580652548759
0.06809057811952422
0.05593088967289395
0.047318294402508954
0.04024583673553138
0.034862912182981744
0.0322119078608283
0.02791227418866794
0.025515792561206167
0.024913507441172236
0.022138381516645385
0.02072427295367561
0.018832480008993818
0.01790459516068386
0.016706057430786278
0.01608110702792578
0.015285829649324819
0.015154100301460706
0.014122141632738673
0.013532331308167568
0.0136226258860605
0.012804658867338512
0.011590541658416702
0.012006615416453797
0.011550143447114358
0.011651726339998303
0.011092958841200687
0.011159300553110098
0.010238329082650256
0.01011153860381958
0.010178021909745991
0.009312557229090735
0.00954529230318745
0.00950845549945863
0.0092899241747102
0.009480818685084328
0.008729647421317932
0.008564904810486577
