0.9447232280215746
0.9194023632628779
0.8936873307677615
0.868537836408214
0.8424391301467321
0.8191550853308761
0.7927291352225978
0.7663983219009778
0.7403042958006353
0.7154250683971081
0.690745612152318
0.6621734738734838
0.639815173550884
0.6075881156725426
0.5801849977272396
0.5522436242440883
0.5179055892752813
0.4820411947882486
0.4382892449168536
0.3824780434317569
0.3199391289421298
0.23598663183291368
0.1563743717189098
0.0999240354461309
0.07244265797685574
0.05058069856988515
0.04138310664028555
0.030269360927469284
0.024181839292359363
0.020433027119906622
0.01801196927178548
0.01639490659945768
0.014290891792930678
0.0122319058716633
0.011690388184122588
0.011073738025907337
0.009778317993031629
0.009345805589746474
0.00817369101123701
0.008025566813363244
0.008053865399478747
0.007346877095935331
0.006783906843086772
0.006790431623929949
0.006094254394792686
0.006160282505864612
0.005688818993020021
0.005884389756239269
0.005321021678343119
0.00533140326566989
0.005306631702791412
0.004917232555459935
0.0049583886276538215
0.0046278074128933006
0.004587041333169404
0.004867232083218213
0.004706347991119178
0.004201613090201743
0.0041725776578011966
0.004238713660860079
0.004246008340118562
0.004154983887567895
0.004058875412430995
0.0035443835861711866
