0.9402928823474751
0.9127723963871214
0.8848454213568342
0.8575615700448287
0.8314222492008071
0.8043881386665022
0.77786632446634
0.749980035528287
0.7250549492016686
0.6963878422539614
0.6704372298500263
0.6425898349119925
0.6139812653035478
0.5850767756570284
0.5535211932546032
0.5234459907110257
0.4889215233228323
0.45067896986338246
0.4024414121111497
0.3460225915907955
0.2659995299320149
0.17241336410083463
0.09794724412023091
0.061364579379959726
0.03888317722815378
0.02804602954476191
0.021315475296113186
0.0165429458213439
0.013613787302841846
0.012210398955598296
0.00992993074259736
0.008764817331034803
0.007828713739246323
0.007236018101835628
0.006442644436160438
0.005946865580042283
0.0058972001252382165
0.0051003396941465004
0.004773378496482005
0.004762445855853901
0.004319981832474496
0.003922348123329528
0.003921604805606107
0.0037921275957888013
0.003611762678677032
0.0034932602273437525
0.003435573626386627
0.0030282188384252186
0.0032354628836741045
0.0027769439485584675
0.0030623403540255287
0.0028517336860062197
0.002854243416380949
0.0025825906218986806
0.002643636485993548
0.0024537381369402656
0.002657706022339872
0.002511979702329347
0.00251805582655235
0.002341911698888976
0.0025313094299460543
0.0023014315227536356
0.002199593558138727
0.0023295306550452878
