0.937441352674707
0.9079075998879391
0.8789549339906089
0.850288334566664
0.8227784869934767
0.794917340513851
0.7666169409899948
0.7367711338429006
0.7100011201410839
0.6839928878603362
0.652070624134204
0.626252171858683
0.595343676435992
0.5668466127378009
0.535640609766436
0.5023469282413497
0.4665442088913322
0.4305794011657667
0.382740929325544
0.3182155723724722
0.22504918876750205
0.1271778961676804
0.06610154150836002
0.039683844677581556
0.02520639058810668
0.018351819109742325
0.013597188976106409
0.010341776342338979
0.008891198657914755
0.007606479144635698
0.0066756221080427
0.006120112314311783
0.005025491997267415
0.0046700954444229125
0.004275808608316773
0.0038270316755785135
0.00361077015150034
0.0032424271466471714
0.0032429763172249666
0.002969466272447561
0.0026538525098612716
0.002777709195651167
0.002389753108209691
0.0023432029877672907
0.0022668941632003454
0.00230719335919384
0.002195472654509333
0.001983238410868853
0.0019016560409167234
0.0016791404590970342
0.001748956481610064
0.0017415808536893696
0.001672091796173477
0.001696445404027515
0.0016930081244161065
0.001603198695799665
0.001610518080601447
0.0016254530173671618
0.0015226703198345393
0.0013991268003829065
0.0014644665653004796
0.001465480578189261
0.001605742135172544
0.0013107426345015207
