0.934210982516496
0.9036315736837629
0.873831264982645
0.8454867360496435
0.8148286625367827
0.7846118324966449
0.7567136887501068
0.7270174147904476
0.6975720930980546
0.6687969765405378
0.6418066532296873
0.6103197721238734
0.5812063612647304
0.5516464403272616
0.5197397786128162
0.48610747103537877
0.4513042803181138
0.4137278680834464
0.3629946964762138
0.29407692162779453
0.1944826126643695
0.09821256134801866
0.04791088631253037
0.026362216129298816
0.01778115097043918
0.012319360784221705
0.009072243354817332
0.007219320871003672
0.006286368535049587
0.005551984745754917
0.0045550739346000395
0.00379897721164312
0.0036457292330649383
0.00320604769282736
0.003024124490240913
0.002562432156152488
0.0022168878287586835
0.0022211483767784744
0.002254819279535522
0.0020024600007695725
0.0020070644267631034
0.0018473978655031943
0.0016961251260668834
0.0017032148488923312
0.0015730434285732642
0.0016206036852551267
0.0015773511784597572
0.001387954327009204
0.0012068107131081411
0.0013172768685327674
0.0012565817768330277
0.0013446813302062197
0.001048137992367459
0.0011274137269188097
0.0011950270585678743
0.001045191292747109
0.0011217035185418635
0.00113704450917848
0.001179269910603912
0.0011728049129097276
0.0011473286667703635
0.0009888574690212557
0.0009641423800663261
0.0009013655802821286
