0.9310989733715364
0.9004896329308213
0.8701618665829213
0.8383471514181225
0.8092314400436545
0.7790920812853541
0.749211851136916
0.7194658855643987
0.6884375524392087
0.6592822926613601
0.6300376491091396
0.5979311487346258
0.5699561200451689
0.5410453329159213
0.507651642206681
0.4746358424528843
0.43758489788497923
0.39479008118955183
0.3438440786833707
0.2708358910558329
0.16878616128108265
0.07019668960426269
0.034820854674032245
0.019598857000978034
0.013352627005227824
0.008863065949415556
0.007441205168938866
0.005626421957350158
0.004495691561571956
0.004179074011265948
0.0035537808897573857
0.0030102802676931716
0.0025671584691764585
0.0025648506270281417
0.0021144131664863623
0.002060020030855506
0.0018372138262535418
0.0018515909509518817
0.0014480394306450764
0.0014126596978856851
0.0014369441897711481
0.0012564808066665482
0.0013975317438754719
0.0010841030854472718
0.0011525170957863771
0.0010297280679245375
0.0011951283892240592
0.0009246653253315641
0.000934730565174761
0.0009198645938546603
0.0010470089020469114
0.0009644483765577708
0.0008901939294665589
0.0008723975758366673
0.000875979586414304
0.0008175455631181879
0.0008164378367702724
0.0008496579914202666
0.0007786342727817303
0.0007133294477964983
0.0008717601438544394
0.00071225206800052
0.0007716785966716926
0.0006882230357445106
