0.9294067081042455
0.8979198918150737
0.8671054687903781
0.8343816513110263
0.8031046809815753
0.7734368986735843
0.7424053657385351
0.7125743975146697
0.682215436868353
0.6532806128613778
0.6227160286586625
0.5921991493305915
0.5605225174715944
0.5348473946774531
0.49503826465968087
0.4657299703549638
0.42690639102494504
0.3852381849931483
0.3351534929952772
0.25204609744775897
0.13583091769898456
0.057293462502220276
0.0259878703313248
0.014689213633086777
0.00944712558458303
0.006789767142140354
0.005416435005784578
0.004478989714615037
0.0032929086694624067
0.002812128198670018
0.002408787668897617
0.0023414422534142874
0.0017852676135144887
0.001907652269089852
0.001621798920896902
0.0014189276849644644
0.0014212350358213197
0.0012700353734914397
0.0012129756080481579
0.001108439509075651
0.001055297701351152
0.0011149829252598592
0.000963478755899827
0.0009794748758276805
0.000843265127206451
0.0009327168109623467
0.0008283799706745802
0.0008556265629546137
0.000783376762690426
0.0007676488430833055
0.0006779334768743208
0.0007034519310638118
0.000724653490828786
0.0006756448660184905
0.0007055134521821647
0.0006010105448837648
0.0006241095920272717
0.0007060380187735603
0.0006177156772620095
0.0006948489498042387
0.0005220917936034831
0.0005011168551261195
0.0006192650794135465
0.0005598881511915603
