0.9278809008287855
0.8958995345805246
0.8631986212664874
0.8316044349794616
0.8001913163960689
0.7696728402627744
0.7374511020260648
0.7051199345637434
0.6749618872825905
0.6447633925928236
0.6138610869845258
0.5850802473093635
0.5515056327416545
0.5201708125667847
0.48699048611016305
0.45553092559341113
0.4169768342456134
0.3757539598003332
0.319078695129856
0.23935165569675165
0.11945967060730095
0.047295462683185394
0.021836543266952828
0.01264201105243741
0.008125708735349488
0.005227921729703759
0.0040875917450991514
0.0031052376433560237
0.002713703692461799
0.002223307065417669
0.0019189352683691254
0.001674422175665334
0.0014560746370733688
0.0014319144677414175
0.0011320782001231734
0.0011711354069087584
0.0009834107961049965
0.001043244190797075
0.0010341914771921292
0.0009450536548065849
0.0009717934836352144
0.0008229109366922693
0.0007888320261156452
0.0007848403418659421
0.0006482677410344257
0.0006281696575420488
0.0006317799187758948
0.0005738929767800069
0.0006818630166690932
0.0005989025356700668
0.0006196311264710325
0.0005080583100161738
0.0004944310576516675
0.0004964441107735167
0.0005572300788439012
0.00045437596371463736
0.0004755363630399099
0.0005542240256758524
0.0005306195229563455
0.0006067109131103812
0.00043209286864537554
0.00047428567089650395
0.00047757512758106604
0.00039286453126816605
