0.9620015795178534
0.9440493151797448
0.9268813076135323
0.9080124397068506
0.8906626706884607
0.8718109962291679
0.8538543323163971
0.8337030497957858
0.8156335944856373
0.7993083581691669
0.7771830185217833
0.7584554339082107
0.7363981783129417
0.7112625302486161
0.6951323980895885
0.6696157139986508
0.6482760201713211
0.6161417621084618
0.5932213588892081
0.5508692495147238
0.5185827938755074
0.4840620133008711
0.43817483464728846
0.39064974984927714
0.3379078114816071
0.2962553164333881
0.26174772167114974
0.22871214093363704
0.19302418399152388
0.17439007540297763
0.15559616150408836
0.1381916111913967
0.12636890313580043
0.11544286565702636
0.10434397185738398
0.09663022914882384
0.09308160907961915
0.08662202654508766
0.08183519062322184
0.07087068820221404
0.06798917925083574
0.06904808188186101
0.0646507059589433
0.057978031351902624
0.05854503090093869
0.053624601319144156
0.05363805647310794
0.04784899704829033
0.04972988311039645
0.049129188264987994
0.0490030717809378
0.046074534728054485
0.045260752563043065
0.044413400391751505
0.04137948305873559
0.04008195699183529
0.04141737242852653
0.03987714703640192
0.0371444644427439
0.03794943396122554
0.03723035189950858
0.03601145038586468
0.03548862053945052
0.03495603170960337
