0.9744382383093586
0.9623183716286088
0.9499431974461018
0.9370412596574423
0.9238444754525439
0.9104384648783891
0.897094132480659
0.8820691978313399
0.8670587544799789
0.8503902300783662
0.8359680516076735
0.8177021316183603
0.7986365536045626
0.7768137216359035
0.7518242510164864
0.7266283912109217
0.6872819583573365
0.6375947268760077
0.5656435737536653
0.3734245770846926
0.127291287288702
0.016273107405523103
-0.016245795788533576
-0.011624367510735038
-0.021725632556695944
-0.010368253527015115
-0.015597149025408288
0.004606523711480143
0.0045791854271871706
0.013276362996630027
-0.01941369996625632
0.02192692208394372
-0.006868464952453927
0.023548103615842086
-0.015155300670227675
0.0016811179658471893
-0.015285818903956782
-0.04349650043480849
-0.0053729553876088205
-0.031517384728087766
-0.006169462112467561
-0.003101538991529908
-0.03140649623284385
0.016678878788665877
0.008105093413975271
0.021227553572460655
-0.035774215495779284
0.052408346397326125
0.021944154722821782
0.008130229693684175
-0.00021886126603738555
0.006025614426327826
0.053992222358731704
0.02850553887066014
-0.00818471843468528
0.004522670237217821
-0.0032651167778701756
0.0284844057706183
-0.015562847216158079
-0.059998143458493775
-0.03562267895554001
-0.028153609855054468
-0.00976460566326678
-0.00048483660814920324
