0.9745204836878268
0.9622831537646708
0.9496249713556181
0.9372308449996525
0.9238070078028954
0.9104868516891068
0.8965854802909623
0.8829608593258836
0.8678106301973718
0.8529281769146327
0.8349938979180406
0.8158183383915525
0.8002924381136048
0.7758304993085999
0.7539985319870703
0.7289860811289778
0.6926004765552389
0.6476888773984649
0.5988519723636535
0.5028206637268204
0.37986643615156085
0.21388049312698393
0.11072546729633273
0.02857302996781277
0.045729954851431984
-0.0037158896916139744
-0.015366827370366678
0.019580599592918777
0.019612830523049126
-0.013506533549642761
0.017091455175184508
-0.009368595797032715
0.015666001164198456
0.004243814123050052
0.011482892274975386
-0.015632112544362555
0.004765146075363315
-0.0012768071252056985
0.01988792128481508
0.021390401157377475
0.00019891348657631114
-0.0020614628051400206
-0.02050188955430106
0.007672623714895425
-0.013720156747247358
0.016438629542829115
-0.0038818951525929494
-7830638667995141e-20
0.01643866372648366
0.005473931257797245
-0.006306026777484589
-0.006713556727163225
0.0012636867514273628
-0.0093946027091258
-0.004758361785436651
-0.02352541337846881
-0.007586889252403266
-0.007698041713966727
0.00609038496669741
0.01104410432568695
0.013230202994355064
0.007203778725763072
0.020075835474340453
0.008841833588086821
