0.9744512049236943
0.9622908432677295
0.9498552106579616
0.9370107238893811
0.9241186378660781
0.9105593115210203
0.8968201271868588
0.8818550036799034
0.8667988224982637
0.8516107724672091
0.8344263434300321
0.8161978571604804
0.7985086505292128
0.7743950193880788
0.7533776875982182
0.7242889338031642
0.6901396769572616
0.6409765806691132
0.5611788107647624
0.3881093498802702
0.19168289549622622
0.015760069460727607
-0.0525895563376328
-0.03498725139749273
-0.006998517823865653
-0.05102781567296016
-0.02705313429593651
0.02671589538988396
0.01910973643385431
-0.04319481369832994
0.004425800889455467
-0.009728565207937153
0.0429306976477071
0.02291828592593641
-0.008312388398411162
0.022802374622769375
-0.03056601248255952
0.025823659825088507
0.023020698305823758
0.025904273901376843
0.023820605364465144
-0.06407325661757053
-0.021838635694490887
0.03360914692182078
0.01334735227692973
0.04274592057447166
0.00932669111078381
0.011632867714815769
-0.0571853941887009
0.039519553691846364
0.008969852978923895
0.0016717900633989426
-0.0044641483698246
0.020130220284060772
0.012813326707274066
-0.001677747987230346
0.05151994680000153
0.01658760483603615
0.012988316809759691
-0.01244526779155792
-0.013793168690034106
-0.01757435809547379
0.0041447509475061725
0.004157828966331066
