0.9744824589359338
0.9623798949353531
0.9497366656044757
0.9371686166254053
0.9244255589331365
0.9102857666242706
0.8967192147220596
0.8822479709570481
0.8681646613166263
0.8521145356713625
0.8364591613643068
0.8183382131681594
0.7999349673555253
0.7780617694398854
0.754255661281194
0.7277058854488239
0.6898650700292619
0.6450685873884489
0.5716076810451419
0.48747973868976024
0.32196070499887275
0.1856288476531526
0.039169323675011074
-0.01191299321047411
0.014464911458599758
0.03240615725248468
0.019168431714258558
-0.045220013720436214
0.004256082062873282
0.0036278128866496576
0.03551236405475966
-0.02697491906292728
-0.011883142296052187
0.01588569093531893
0.011528815252911948
-0.0007373968562803762
0.019416664747493026
-0.006887846542776274
0.015174227235773111
0.006505053799372756
0.017736800382196074
-0.01580164359673546
0.019901142620682245
0.020662609302621857
-0.006505168247831584
-0.010020142672055367
-0.00230057885396024
0.007900994974688644
-0.021271580881489338
-0.004963615354942291
0.0015909540241052956
-0.007659686436140522
-0.009660019502860443
-0.006913791665564267
-0.0014372751086347588
0.003579359376765801
-0.009515686946199253
-0.003827923922056764
-0.011831513560956774
0.00762012645743875
-0.017919764542575954
0.02194038012583396
0.004213441749600689
-0.02366704924137073
