0.974424141201114
0.9622843379153002
0.949948949950193
0.9371648545676371
0.9239806504559093
0.9104971462902243
0.8970151383808341
0.8821115514459231
0.866461408137483
0.8515896941522789
0.8347928654248163
0.8187944306272267
0.7988484203689271
0.7772766732034079
0.7541598907512846
0.7244675575601086
0.6862776805367216
0.6253371740238566
0.5432492918246965
0.3725656434961696
0.1494735808751566
0.041283441600870156
0.03410578071389887
-0.003823876436448831
0.07360211629916733
-0.02479279424413808
-0.005630809664728089
-0.013148080083679186
0.01656482652185259
0.01919109744309122
0.02958693602855569
0.0031604685857792754
-0.021375247849711308
-0.03499231065952834
-0.025243342023246643
0.042260592501203245
-0.003875711336425852
0.021803830173219983
0.020868490311881708
0.007828656431944825
0.06615109654719814
-0.035878677937972905
0.02677213791244935
-0.003992514582990248
0.07370713734492289
-0.04969665322391203
0.004505711141108236
0.0177110091763286
0.006715438090531241
0.03307077230494805
0.028847296428159988
-0.03572187691281598
-0.006130188179115748
-0.045504004116996705
-0.041455251375972654
0.037631391585311445
-0.00013989689024373553
0.015826908750439905
-0.01659708151953771
-0.01149485275362871
-0.013053787487780822
-0.004779739950835788
0.0057683199362280144
0.0003730371044723503
