0.9746038022067494
0.9624512704722934
0.9501535727026762
0.937041919931372
0.9240256260355453
0.9110100779862998
0.8972714604366214
0.8825140466553376
0.8672749778933949
0.851828377548962
0.8370150021504702
0.8196875063849535
0.7999739404376891
0.780595496644233
0.7534839880008679
0.7259086944857812
0.6985910478400272
0.6593947030274273
0.6095854343143973
0.5518834554541547
0.4504947255170047
0.3289547881024318
0.21276489738942486
0.1368973524822032
0.09685086554396363
0.04166984789870114
0.04829521188697604
0.006459900230867866
0.04464748609659923
0.007141976998582511
0.006604349705309325
0.004815413089540799
-0.007251526106406452
0.010076819805495546
0.0240006294113608
0.00020082931675138876
-0.0032815515629679676
0.00045751358157118286
0.010428314556564173
-0.02307963700700062
-0.0004363686877073571
-0.01360528012437118
0.003414320495355227
-0.004878690080306401
-0.003161976549881017
0.00193918892625713
0.01223695454871745
-0.0008056800433696782
0.017210509816847037
-0.005916922254622587
0.004709865225947047
-0.0063282498358129
0.005895818437486166
0.008161360118845391
-0.02055430108841115
0.005541613877340992
-0.006172956305965194
0.01787015845721924
-0.0007256986204570352
-0.005095877642848043
0.0076754711471262015
-0.0007476328863896377
-0.014835673035683635
0.006627805071490077
