0.9744700453695455
0.9623329279987823
0.9499990599259054
0.9370974813778914
0.9242474614313192
0.9102229123363794
0.8966805088230255
0.8823619753233802
0.867049485417092
0.8521881998996867
0.8355134556870374
0.8170105426984217
0.7989383040601296
0.7771942874367077
0.7546884755839176
0.7253461374133163
0.6939440981023203
0.6374495581218595
0.5761347689475641
0.46150934665961935
0.2574035445091369
0.09142023062146795
-0.03215995869136802
-0.010515873608999148
-0.004595600645638495
0.027151038571895797
-0.007034411437321349
-0.007645290219604209
-0.007609570907891847
-0.003907263320575732
-0.0074907539252437655
0.01119554121071814
-0.005221650926318141
0.0002178685721212804
0.001348525953462271
-0.0014274089405111267
0.02315089528364854
-0.004071125576805124
-0.012118200782450673
0.00924073653211303
0.009182911827706102
-0.02223989497200171
-0.02453431362041473
-0.004549767201257264
0.03199625045473276
-0.00972238726602982
0.022856694597202694
0.0009933434540087722
0.0051616695312849325
-0.001190387256016252
0.009797351001047673
0.007568757863815631
0.008133883366353123
-0.013360129594528994
0.012342518678070832
0.031315983965745524
-0.010685894766433788
0.0146940659388724
-0.012930623456339519
0.015316326888397848
0.017131547689801775
-0.018586006555727497
0.018058633217893885
0.00105654924729844
