0.9744415832345149
0.9622729262366156
0.9499407206306419
0.9372433496145983
0.9241658810878872
0.9102331585151061
0.8968706801431678
0.8821890180313939
0.8667284005434284
0.8517469342093832
0.8352446215928034
0.8178688820840577
0.7989477191795551
0.7778726733345657
0.7544186373971937
0.7262110792482755
0.6884686568851827
0.6337928482516008
0.5598948703029765
0.44464717869291187
0.26541656980980954
0.031194684726376164
0.012407711729940466
0.01889526646184125
0.04383787487568326
0.008034651799467522
-0.02355341305188556
0.013650615184743572
0.0034609739145741304
-0.022518674650350214
-0.011749214780512676
0.024836947904007128
0.012502728128031063
-0.02214145777567102
0.004987657620118837
-0.043020006202291475
-0.009060881911242928
0.02974055576443254
-0.00909756602669451
0.04554309174950703
0.0026622935664326846
-0.019836095240268442
0.008547492009123392
-0.00807806611303653
-0.015220032430234275
0.017554340658204846
-0.01944067375907961
-0.015570071114891173
0.01267912432595565
0.0014569725693023207
-0.02264210885328363
-0.010841900656379702
-0.01606758476574793
0.020975307528124373
-0.020112387021965716
0.0038088368999241035
0.014579161805034201
-0.0009384212194678582
0.002978583989110836
0.009753244479402743
-0.03176810166114874
0.02393739412631725
0.01583899017673173
-0.004864707179498876
