0.9749835637696799
0.962523209423681
0.9506108477533594
0.9383195835014777
0.9252896487220253
0.911390010578147
0.8979613360374067
0.883758231773606
0.8692241022145114
0.8552474071928636
0.8379402090661131
0.8230029513613187
0.8027254581218106
0.7798498930633889
0.7630529425008478
0.741192308006468
0.7137150016914434
0.6784666810209445
0.6503807763853885
0.5966840188685781
0.5372893144687431
0.5013296915951874
0.4081688535216948
0.3470651288670454
0.2844930334859221
0.20333406272607746
0.16054571530276768
0.12254778915571286
0.12549182811581786
0.05889436062183171
0.09048862990182688
0.045738091363422266
0.03625063554205256
0.003035754737805404
0.02499456278676294
0.019393194565656576
0.02143200037661849
0.01135500746179725
-0.00024040820653629488
0.0033100624203462677
0.0072824126232907795
0.012222215489535795
0.0014544070330114423
-0.006990587194378649
-0.01368146475831794
-0.007109137886271272
0.013284261439740066
-0.0001506657999503729
0.007931068344416403
-0.0024733242979092965
0.0009348786095083729
-0.002197502435080902
0.006109006753904664
0.019540816406675272
-0.012201634108897763
-0.010332558394700042
0.018049944245854963
0.004283271491933104
0.00839408837388138
-0.009038204981373288
-0.0027076682122252212
-0.0025930606310867665
0.008071929509118695
0.0020984348647881835
