0.18283411379940162
0.2906824692728742
0.3540440510383056
0.3984535617334302
0.5395657962623281
0.5872982890028913
0.6327588290856717
0.7264918605325327
0.8143275856105792
0.7685945419579258
0.9296637417209357
0.9334591574877202
1.0558095479037182
0.9676784842219106
1.2085902627030127
1.2667753654618141
1.206398883286821
1.6140245814430592
1.8041118017480948
2.4557072895441854
2.666094325604251
3.2118926989012597
3.137913446736919
2.6966542058837932
2.1597060072992593
1.4637313329160393
0.9496395251173382
0.6387632577584073
0.45471432899572944
0.3350696647397191
0.24954437268142604
0.19076952752939483
0.15114589112388166
0.11894677157165004
0.08645498908528863
0.09367276514163538
0.06935010049280388
0.0574657594681705
0.048858416013492216
0.04234289022945545
0.0359681295221284
0.03355258295565077
0.029592475779706827
0.02813468953670903
0.025233860339346933
0.021189311843370376
0.019545126211556078
0.018284945861474732
0.014755730432940012
0.01647098190423651
0.012330859260802834
0.014361137975867409
0.011954911881939988
0.013013613382025595
0.010903521664442547
0.009101380067136296
0.009726795222637606
0.008304848805326235
0.007715699726558204
0.0086589255088885
0.0077333710784000045
0.008217148010548566
0.007093601981304844
0.006246815322916377
