0.41521905381462904
0.5988229629790863
0.7968544461318215
0.855048514123761
1.088095166169855
1.2153117389809809
1.436856833360548
1.4762355453563272
1.6439812760357553
1.5851762198997503
1.8224168486354273
2.025383480752761
1.9994346079949088
1.9809961827878833
2.1903194693513863
2.1586255820955653
2.461072525867646
2.767184197780884
3.1066539865037215
4.011617060938047
5.675642464002859
5.78207443628281
4.774565745848028
2.9370902982137914
1.679805063311446
0.9307102554042523
0.6392103680029426
0.374111824376329
0.22669829148555326
0.16262004002801145
0.11651284701121514
0.09121544895230133
0.07484236613084468
0.05162489955923438
0.04741309572900078
0.040489967133333714
0.03112774695352352
0.03023255956547572
0.021982166250428963
0.01882593967639856
0.01924687908759993
0.014909326667562907
0.013081537868183574
0.012784853081843057
0.010942184060833752
0.010218867864767367
0.008088813519202974
0.008421055530109533
0.007420904551930316
0.006722768599884498
0.007151043360610625
0.005393608138731961
0.00560954845071754
0.0045521376318178
0.0046806971623589815
0.006334852930196799
0.004855445092203617
0.0036074392520247514
0.0034722697195192797
0.003951039238365991
0.004012553449953962
0.003111875640106597
0.0031442435973784797
0.002510076623414702
