0.7151513576081925
1.1595987775402867
1.3391347228147694
1.732118947301342
2.041798717801782
2.051937878285743
2.301164120641258
2.4799085923218986
2.71287977476663
2.8446025031073914
2.673955922039757
3.1120976784597105
3.170502086787597
3.1853153678145882
3.3189450790921065
3.5173974507986863
3.733198612854624
3.620626974348943
4.771932631075484
6.621790729000122
9.15161715650409
8.332147007640273
4.749171084618387
2.298420620929086
1.0335580441645493
0.5305267833039536
0.32532263910839
0.18333006884515823
0.12431561685827934
0.1019438064850838
0.06298978208280716
0.04738232478707083
0.03973407440512539
0.03221533919664781
0.024885266546925435
0.022821630207442125
0.01933531885917765
0.014013275994199824
0.012122632069084115
0.01102161226739326
0.009754762749786126
0.0076641654628923535
0.008424482322082146
0.0065661139276766076
0.00666246705499178
0.005933013975725838
0.005303794857104997
0.004008481575692967
0.004917609693106054
0.00314343364342766
0.003967518213941905
0.003287612194844683
0.0029129636927819045
0.002191681830164097
0.002494579167282122
0.002292094878627279
0.0024558713506564124
0.0024049894001166045
0.002345602241243902
0.0021608539112763477
0.0024503229668250194
0.00171894567977477
0.001534323369404911
0.0019331779437104148
