1.0264668760733913
1.6258998962889206
2.2159797505107814
2.4826776428976736
2.6915518246283225
2.9483490285209184
3.4071126034433212
3.7582614209600966
3.8001752584602415
3.703588220698576
4.543752514841893
4.103742316043771
4.238823245667512
4.516527386247891
4.4538976010566085
4.73484970348589
5.137102028255824
5.477781516232354
6.342620625539846
9.836709055590724
12.230144002115246
9.74081315931093
4.414103364759471
1.8613144602768512
0.7826194775148825
0.34052906429275237
0.22017079471408582
0.12884286036868398
0.08879006321072826
0.07458627732219619
0.04537258300253657
0.03979905827561303
0.024452914778710068
0.019260132606699364
0.016384067617386172
0.012868512272718067
0.01277740739478995
0.009809952985444593
0.00972998395426973
0.006828241206535481
0.005779793200164545
0.0057456846710880576
0.004214072961052799
0.004689682589619125
0.004254970016426604
0.0038664096183262976
0.004049552216856141
0.0028370736112508397
0.002625145767854565
0.0019543090927080743
0.0017878944129345784
0.0018766879267710966
0.0017351373586539942
0.0021984302104489
0.0017506937120415533
0.0014782456360976
0.001644668794616998
0.0013373124659685292
0.0012549114998702763
0.0011034831710681598
0.001253142668062263
0.001188577108414618
0.0013157718804233177
0.0009067867167721717
