1.5410277873039984
2.386196341568274
2.903306021366728
3.462261741470017
4.335994159641382
4.58156962020684
5.2449195559478055
4.634560533089537
5.575915775705776
5.576163603012857
6.156610289820031
6.2676692560108584
6.065542877708419
6.643378388610017
6.953361268944935
6.1979361745522095
6.302579457583107
7.2280865025137775
8.794799261746666
12.728363398130906
16.947837204862388
9.841667804349216
3.6824271093123326
1.241839792415145
0.5176642719365164
0.24677482234406073
0.1372270726196333
0.08147259525350539
0.062905872713862
0.04621846269057414
0.03193754060411794
0.020560324553226386
0.019455576909740976
0.012811178868998824
0.011881575772590771
0.00917943206920097
0.0065398419560919845
0.0067671941414057055
0.0059419430821703485
0.004619486756602616
0.005099868946040696
0.0041949980011802435
0.0033669718104462508
0.003659610174553195
0.0025272701913807787
0.002633113292804044
0.0027615428936955747
0.001966262922242324
0.0015016512831955821
0.001677039728525504
0.0012974017276679503
0.0017148001298505652
0.0009852739363800966
0.0011101239988119394
0.0011648673150987294
0.0009845018019233138
0.001050720851704588
0.0012881978180766303
0.0009923236398189908
0.0012865867469646864
0.0010045223691387258
0.0006399853611907679
0.0007177626392063595
0.0006549559257283691
