2.398160380324377
3.380651911741648
3.8012421170070283
4.614911512517055
5.464584444149109
6.065592883894399
6.310744259879498
6.793176088820602
8.156330187615927
7.3630294072993125
8.339040018636746
8.060389609518948
8.299078354936034
7.1303601660241505
7.579908058293151
8.105732538018302
9.116907368458405
9.126605235594761
11.779439587230558
16.810065882022954
19.401163686253998
9.036194691652769
2.9236141859591522
0.9049510565064514
0.44244454610893136
0.171275615824251
0.13175763620619269
0.07182242222356731
0.04256065201120744
0.03802840272798417
0.023812009759797265
0.0197077146659793
0.012925010703077926
0.012682218225985373
0.008026066622612819
0.0076312304058552246
0.005036466514290207
0.005678024073880772
0.0036818676729556007
0.0030156871701470193
0.0033549764506614747
0.0026317374025124044
0.002851405545682166
0.001592953020738152
0.0021772795213985015
0.001454222138595195
0.0019618312892446567
0.001316016603005797
0.0012775252819644627
0.0010368832104762065
0.0012519911558401423
0.001142171045782003
0.0009756930709258413
0.000912916190248249
0.0008497604592653338
0.0007890618215640689
0.0009596156091084456
0.0008248179159745661
0.0006110944873432972
0.0006345755189463306
0.000823016671659425
0.0005504171209585035
0.0005704207433138542
0.0005686470901888641
