2.9363202895638096
3.672532180887134
4.677924023302363
5.824980289911401
6.9861380591682165
7.465463293058467
8.047480669038238
8.138098420205385
8.968032705630977
8.904419877807754
8.982274611028389
9.602482414631105
10.568769451819486
10.246007287268712
10.140509483870394
10.396597635820656
10.33544328713646
11.079436769929108
14.290324363087786
20.54692222031415
23.482266238765188
8.630459010223507
1.9125580143888232
0.6707937499585822
0.30592476403766233
0.15600586786134532
0.09381393328826067
0.05763506154025788
0.03333334049403687
0.023159557657576935
0.015954272972261242
0.013972455394412046
0.008008292954466934
0.01024695361794616
0.006056788765441986
0.005320765303278538
0.004111719467875954
0.0034158195038909447
0.002926518105009807
0.002713149779700876
0.0024088001341184833
0.0020229729341358915
0.0018360645862150375
0.0019516230536811346
0.0012201979474270527
0.001502346775749002
0.0011584149563101055
0.0011774785154343183
0.0010158754249357759
0.0014908736030330653
0.0006177774022791037
0.0007693952878398698
0.0006531667487747266
0.0006790352710270486
0.000836886501313341
0.0005420904960661303
0.0005274381677908172
0.0010005030494606429
0.0006332551912891189
0.0005859329905148972
0.00031074347694555205
0.00035949104886731127
0.00048026601848877667
0.0005999067958373522
