3.884302105202719
4.9631103524393545
5.520044215651241
6.549739678855555
8.3362377298526
9.593351016717815
9.815496725183582
10.963810994296624
11.0468021509019
11.033626576255678
11.279630629545625
12.263370680130853
12.907301719246805
11.831385067937855
12.667071744071293
12.479429037064158
12.226007992219001
14.029339124584068
17.863234951238706
24.8969605929653
25.464479256643436
7.0230674937019675
1.6953272406850117
0.7224262370357423
0.2799340459459315
0.11210948326963477
0.06942595437839846
0.03802465725037078
0.026517732247557636
0.020489400611797
0.013573913399409455
0.008837250162939861
0.006135948176590707
0.006926786771805712
0.004211524049068453
0.003930602578671566
0.0031621070342998316
0.0034705811266381274
0.00309076934139128
0.00222140394187309
0.0023979977067707012
0.0018438870800270332
0.0013924774698098172
0.0015288507924960666
0.0010216553745138665
0.0009906996074041678
0.0008016271480664731
0.0007919029825198229
0.0010447086942917067
0.0006744313084687235
0.0008153888082110604
0.0005040849101652251
0.000478702938944815
0.0004309577012299572
0.000753665653320475
0.0003563712367005675
0.00038566359128201273
0.0005490975265824132
0.00069674030189924
0.000594293559079435
0.0003253127983077749
0.00046489820269491884
0.0005043542245726182
0.00022211037253201928
