0.059745075972728046
0.08164363707792957
0.11280653744213975
0.13535409770875334
0.16903305217874423
0.18765678827733517
0.2122685319018711
0.24431710963180783
0.24677508850649707
0.2522440271759605
0.29744767596343163
0.3211370813341699
0.3501384553795906
0.42166803504259665
0.4365337774665328
0.45636855813243127
0.5145894979726419
0.6127900396677989
0.6657484348068966
0.7984155600609505
0.9481315788104694
0.9676658695115242
1.1795892358462545
1.2221140853442833
1.3598731945221378
1.2339837807121008
1.121799255122655
0.9847348341202455
0.7973016632361705
0.701010591553441
0.5703915749228344
0.5247631933180376
0.4505101823955904
0.37664836502526894
0.2786484287074843
0.26336558923574876
0.22587098338682637
0.19915914633719756
0.1785079588772552
0.1516280984845192
0.1274758698541846
0.1279758176463877
0.10893991299366503
0.09963747176313703
0.0900001691540132
0.07505426949808322
0.07436813623163961
0.06024645477473485
0.06337870722511038
0.06034061459705828
0.057013617010743145
0.04636494655175138
0.044633548726761424
0.04459408959406679
0.037652633474848464
0.03337019873344197
0.043542615916073564
0.03477015094255938
0.03133431705909525
0.029094124004994053
0.025932945379813242
0.02434789004092046
0.023804290051669303
0.021168443856747095
